{
 "cells": [
  {
   "cell_type": "markdown",
   "metadata": {},
   "source": [
    "Load Data\n",
    "https://www.kaggle.com/datasets/amontgomerie/cefr-levelled-english-texts"
   ]
  },
  {
   "cell_type": "code",
   "execution_count": 1,
   "metadata": {},
   "outputs": [
    {
     "data": {
      "text/html": [
       "<div>\n",
       "<style scoped>\n",
       "    .dataframe tbody tr th:only-of-type {\n",
       "        vertical-align: middle;\n",
       "    }\n",
       "\n",
       "    .dataframe tbody tr th {\n",
       "        vertical-align: top;\n",
       "    }\n",
       "\n",
       "    .dataframe thead th {\n",
       "        text-align: right;\n",
       "    }\n",
       "</style>\n",
       "<table border=\"1\" class=\"dataframe\">\n",
       "  <thead>\n",
       "    <tr style=\"text-align: right;\">\n",
       "      <th></th>\n",
       "      <th>text</th>\n",
       "      <th>label</th>\n",
       "    </tr>\n",
       "  </thead>\n",
       "  <tbody>\n",
       "    <tr>\n",
       "      <th>0</th>\n",
       "      <td>Hi!\\nI've been meaning to write for ages and f...</td>\n",
       "      <td>B2</td>\n",
       "    </tr>\n",
       "    <tr>\n",
       "      <th>1</th>\n",
       "      <td>﻿It was not so much how hard people found the ...</td>\n",
       "      <td>B2</td>\n",
       "    </tr>\n",
       "    <tr>\n",
       "      <th>2</th>\n",
       "      <td>Keith recently came back from a trip to Chicag...</td>\n",
       "      <td>B2</td>\n",
       "    </tr>\n",
       "    <tr>\n",
       "      <th>3</th>\n",
       "      <td>The Griffith Observatory is a planetarium, and...</td>\n",
       "      <td>B2</td>\n",
       "    </tr>\n",
       "    <tr>\n",
       "      <th>4</th>\n",
       "      <td>-LRB- The Hollywood Reporter -RRB- It's offici...</td>\n",
       "      <td>B2</td>\n",
       "    </tr>\n",
       "  </tbody>\n",
       "</table>\n",
       "</div>"
      ],
      "text/plain": [
       "                                                text label\n",
       "0  Hi!\\nI've been meaning to write for ages and f...    B2\n",
       "1  ﻿It was not so much how hard people found the ...    B2\n",
       "2  Keith recently came back from a trip to Chicag...    B2\n",
       "3  The Griffith Observatory is a planetarium, and...    B2\n",
       "4  -LRB- The Hollywood Reporter -RRB- It's offici...    B2"
      ]
     },
     "execution_count": 1,
     "metadata": {},
     "output_type": "execute_result"
    }
   ],
   "source": [
    "import pandas as pd\n",
    "cefr_texts = pd.read_csv(\"./cefr_leveled_texts.csv\")\n",
    "cefr_texts.head(5)"
   ]
  },
  {
   "cell_type": "markdown",
   "metadata": {},
   "source": [
    "Data preprocessing"
   ]
  },
  {
   "cell_type": "code",
   "execution_count": 2,
   "metadata": {},
   "outputs": [
    {
     "data": {
      "text/html": [
       "<div>\n",
       "<style scoped>\n",
       "    .dataframe tbody tr th:only-of-type {\n",
       "        vertical-align: middle;\n",
       "    }\n",
       "\n",
       "    .dataframe tbody tr th {\n",
       "        vertical-align: top;\n",
       "    }\n",
       "\n",
       "    .dataframe thead th {\n",
       "        text-align: right;\n",
       "    }\n",
       "</style>\n",
       "<table border=\"1\" class=\"dataframe\">\n",
       "  <thead>\n",
       "    <tr style=\"text-align: right;\">\n",
       "      <th></th>\n",
       "      <th>text</th>\n",
       "      <th>label</th>\n",
       "    </tr>\n",
       "  </thead>\n",
       "  <tbody>\n",
       "    <tr>\n",
       "      <th>0</th>\n",
       "      <td>hi! i've been meaning to write for ages and fi...</td>\n",
       "      <td>B2</td>\n",
       "    </tr>\n",
       "    <tr>\n",
       "      <th>1</th>\n",
       "      <td>﻿it was not so much how hard people found the ...</td>\n",
       "      <td>B2</td>\n",
       "    </tr>\n",
       "    <tr>\n",
       "      <th>2</th>\n",
       "      <td>keith recently came back from a trip to chicag...</td>\n",
       "      <td>B2</td>\n",
       "    </tr>\n",
       "    <tr>\n",
       "      <th>3</th>\n",
       "      <td>the griffith observatory is a planetarium, and...</td>\n",
       "      <td>B2</td>\n",
       "    </tr>\n",
       "    <tr>\n",
       "      <th>4</th>\n",
       "      <td>the hollywood reporter it's official: amc's t...</td>\n",
       "      <td>B2</td>\n",
       "    </tr>\n",
       "  </tbody>\n",
       "</table>\n",
       "</div>"
      ],
      "text/plain": [
       "                                                text label\n",
       "0  hi! i've been meaning to write for ages and fi...    B2\n",
       "1  ﻿it was not so much how hard people found the ...    B2\n",
       "2  keith recently came back from a trip to chicag...    B2\n",
       "3  the griffith observatory is a planetarium, and...    B2\n",
       "4   the hollywood reporter it's official: amc's t...    B2"
      ]
     },
     "execution_count": 2,
     "metadata": {},
     "output_type": "execute_result"
    }
   ],
   "source": [
    "import re\n",
    "\n",
    "def preprocessing(text: str) -> str:\n",
    "    text = text.lower()\n",
    "    text = re.sub(r\"-[a-z]+-\",\"\", text)\n",
    "    text = text.replace(\"\\n\", \" \")\n",
    "    text = re.sub(r\"\\s+\",\" \", text)\n",
    "    return text\n",
    "\n",
    "cefr_texts.text = cefr_texts.text.apply(lambda x: preprocessing(x))\n",
    "cefr_texts.head(5)"
   ]
  },
  {
   "cell_type": "code",
   "execution_count": 3,
   "metadata": {},
   "outputs": [
    {
     "data": {
      "text/plain": [
       "label\n",
       "A1    0.192771\n",
       "B2    0.191432\n",
       "A2    0.182062\n",
       "C1    0.161312\n",
       "B1    0.137216\n",
       "C2    0.135207\n",
       "Name: count, dtype: float64"
      ]
     },
     "execution_count": 3,
     "metadata": {},
     "output_type": "execute_result"
    }
   ],
   "source": [
    "cefr_texts.label.value_counts()/len(cefr_texts)"
   ]
  },
  {
   "cell_type": "code",
   "execution_count": 4,
   "metadata": {},
   "outputs": [],
   "source": [
    "import os\n",
    "import sys\n",
    "base_dir = os.path.abspath(os.path.join(os.getcwd(), '../../src'))\n",
    "os.chdir(base_dir)\n",
    "sys.path.append(base_dir)"
   ]
  },
  {
   "cell_type": "code",
   "execution_count": 5,
   "metadata": {},
   "outputs": [
    {
     "name": "stdout",
     "output_type": "stream",
     "text": [
      "Start making general dict\n"
     ]
    },
    {
     "name": "stderr",
     "output_type": "stream",
     "text": [
      "[nltk_data] Downloading package wordnet to /home/qw1n/nltk_data...\n",
      "[nltk_data]   Package wordnet is already up-to-date!\n",
      "[nltk_data] Downloading package punkt to /home/qw1n/nltk_data...\n",
      "[nltk_data]   Package punkt is already up-to-date!\n"
     ]
    }
   ],
   "source": [
    "from res.wordsDegree.WordsDegree import get_degrees\n",
    "from res.materials_VOC import CEFR_DICTIONARY_DF\n",
    "from collections import Counter\n",
    "from preprocessing.voc import voc_1_preprocessed_text"
   ]
  },
  {
   "cell_type": "markdown",
   "metadata": {},
   "source": [
    "VOC 1 Func definition"
   ]
  },
  {
   "cell_type": "code",
   "execution_count": 6,
   "metadata": {},
   "outputs": [
    {
     "name": "stderr",
     "output_type": "stream",
     "text": [
      "100%|██████████| 1494/1494 [12:14<00:00,  2.04it/s]\n"
     ]
    },
    {
     "data": {
      "text/html": [
       "<div>\n",
       "<style scoped>\n",
       "    .dataframe tbody tr th:only-of-type {\n",
       "        vertical-align: middle;\n",
       "    }\n",
       "\n",
       "    .dataframe tbody tr th {\n",
       "        vertical-align: top;\n",
       "    }\n",
       "\n",
       "    .dataframe thead th {\n",
       "        text-align: right;\n",
       "    }\n",
       "</style>\n",
       "<table border=\"1\" class=\"dataframe\">\n",
       "  <thead>\n",
       "    <tr style=\"text-align: right;\">\n",
       "      <th></th>\n",
       "      <th>uniq</th>\n",
       "      <th>words_a1</th>\n",
       "      <th>words_a2</th>\n",
       "      <th>words_b1</th>\n",
       "      <th>words_b2</th>\n",
       "      <th>words_c1</th>\n",
       "      <th>words_c2</th>\n",
       "      <th>text_cefr</th>\n",
       "    </tr>\n",
       "  </thead>\n",
       "  <tbody>\n",
       "    <tr>\n",
       "      <th>0</th>\n",
       "      <td>0.353982</td>\n",
       "      <td>0.606250</td>\n",
       "      <td>0.200000</td>\n",
       "      <td>0.106250</td>\n",
       "      <td>0.075000</td>\n",
       "      <td>0.006250</td>\n",
       "      <td>0.006250</td>\n",
       "      <td>B2</td>\n",
       "    </tr>\n",
       "    <tr>\n",
       "      <th>1</th>\n",
       "      <td>0.352584</td>\n",
       "      <td>0.379310</td>\n",
       "      <td>0.228448</td>\n",
       "      <td>0.150862</td>\n",
       "      <td>0.185345</td>\n",
       "      <td>0.051724</td>\n",
       "      <td>0.004310</td>\n",
       "      <td>B2</td>\n",
       "    </tr>\n",
       "    <tr>\n",
       "      <th>2</th>\n",
       "      <td>0.395745</td>\n",
       "      <td>0.408602</td>\n",
       "      <td>0.193548</td>\n",
       "      <td>0.225806</td>\n",
       "      <td>0.161290</td>\n",
       "      <td>0.010753</td>\n",
       "      <td>0.000000</td>\n",
       "      <td>B2</td>\n",
       "    </tr>\n",
       "    <tr>\n",
       "      <th>3</th>\n",
       "      <td>0.393103</td>\n",
       "      <td>0.429825</td>\n",
       "      <td>0.166667</td>\n",
       "      <td>0.175439</td>\n",
       "      <td>0.157895</td>\n",
       "      <td>0.061404</td>\n",
       "      <td>0.008772</td>\n",
       "      <td>B2</td>\n",
       "    </tr>\n",
       "    <tr>\n",
       "      <th>4</th>\n",
       "      <td>0.413374</td>\n",
       "      <td>0.573529</td>\n",
       "      <td>0.139706</td>\n",
       "      <td>0.102941</td>\n",
       "      <td>0.139706</td>\n",
       "      <td>0.036765</td>\n",
       "      <td>0.007353</td>\n",
       "      <td>B2</td>\n",
       "    </tr>\n",
       "  </tbody>\n",
       "</table>\n",
       "</div>"
      ],
      "text/plain": [
       "       uniq  words_a1  words_a2  words_b1  words_b2  words_c1  words_c2  \\\n",
       "0  0.353982  0.606250  0.200000  0.106250  0.075000  0.006250  0.006250   \n",
       "1  0.352584  0.379310  0.228448  0.150862  0.185345  0.051724  0.004310   \n",
       "2  0.395745  0.408602  0.193548  0.225806  0.161290  0.010753  0.000000   \n",
       "3  0.393103  0.429825  0.166667  0.175439  0.157895  0.061404  0.008772   \n",
       "4  0.413374  0.573529  0.139706  0.102941  0.139706  0.036765  0.007353   \n",
       "\n",
       "  text_cefr  \n",
       "0        B2  \n",
       "1        B2  \n",
       "2        B2  \n",
       "3        B2  \n",
       "4        B2  "
      ]
     },
     "execution_count": 6,
     "metadata": {},
     "output_type": "execute_result"
    }
   ],
   "source": [
    "import tqdm\n",
    "\n",
    "def voc_1(text: str) -> tuple[Counter, float, int]:\n",
    "    preprocessed_text, words_count = voc_1_preprocessed_text(text=text, stemming=False)\n",
    "    cerf_dict = CEFR_DICTIONARY_DF\n",
    "    cerf_levels, undefined = get_degrees(preprocessed_text)\n",
    "    for token in undefined:\n",
    "        if token in cerf_dict.headword.values:\n",
    "            cerf_levels.append(cerf_dict[cerf_dict.headword == token].CEFR.values[0])\n",
    "        else:\n",
    "            cerf_levels.append(\"A1\")\n",
    "    cerf_counter = Counter(cerf_levels)\n",
    "    return cerf_counter, len(preprocessed_text) / words_count, len(preprocessed_text)\n",
    "\n",
    "features = pd.DataFrame(columns=[\"uniq\", \"words_a1\", \"words_a2\", \"words_b1\", \"words_b2\", \"words_c1\", \"words_c2\", \"text_cefr\"])\n",
    "\n",
    "for i in tqdm.trange(len(cefr_texts)):\n",
    "    counter, uniq, uniq_count = voc_1(cefr_texts.text.values[i])\n",
    "    row = {\n",
    "        \"uniq\": uniq, \n",
    "        \"words_a1\": counter[\"A1\"]/uniq_count, \n",
    "        \"words_a2\": counter[\"A2\"]/uniq_count, \n",
    "        \"words_b1\": counter[\"B1\"]/uniq_count, \n",
    "        \"words_b2\": counter[\"B2\"]/uniq_count, \n",
    "        \"words_c1\": counter[\"C1\"]/uniq_count, \n",
    "        \"words_c2\": counter[\"C2\"]/uniq_count, \n",
    "        \"text_cefr\": cefr_texts.label.values[i]\n",
    "    }\n",
    "    features.loc[len(features)] = row\n",
    "features.head(5)"
   ]
  },
  {
   "cell_type": "markdown",
   "metadata": {},
   "source": [
    "Features columns:\n",
    "uniq - unique words proportion;\n",
    "words_* - proportion of * level words from unique;\n",
    "text_cefr - CEFR level of text;"
   ]
  },
  {
   "cell_type": "markdown",
   "metadata": {},
   "source": [
    "CEFR Level as 1..6 values"
   ]
  },
  {
   "cell_type": "code",
   "execution_count": 7,
   "metadata": {},
   "outputs": [
    {
     "data": {
      "text/html": [
       "<div>\n",
       "<style scoped>\n",
       "    .dataframe tbody tr th:only-of-type {\n",
       "        vertical-align: middle;\n",
       "    }\n",
       "\n",
       "    .dataframe tbody tr th {\n",
       "        vertical-align: top;\n",
       "    }\n",
       "\n",
       "    .dataframe thead th {\n",
       "        text-align: right;\n",
       "    }\n",
       "</style>\n",
       "<table border=\"1\" class=\"dataframe\">\n",
       "  <thead>\n",
       "    <tr style=\"text-align: right;\">\n",
       "      <th></th>\n",
       "      <th>uniq</th>\n",
       "      <th>words_a1</th>\n",
       "      <th>words_a2</th>\n",
       "      <th>words_b1</th>\n",
       "      <th>words_b2</th>\n",
       "      <th>words_c1</th>\n",
       "      <th>words_c2</th>\n",
       "      <th>text_cefr</th>\n",
       "    </tr>\n",
       "  </thead>\n",
       "  <tbody>\n",
       "    <tr>\n",
       "      <th>uniq</th>\n",
       "      <td>1.000000</td>\n",
       "      <td>-0.205286</td>\n",
       "      <td>-0.018430</td>\n",
       "      <td>0.082227</td>\n",
       "      <td>0.260154</td>\n",
       "      <td>0.096546</td>\n",
       "      <td>0.112037</td>\n",
       "      <td>0.346841</td>\n",
       "    </tr>\n",
       "    <tr>\n",
       "      <th>words_a1</th>\n",
       "      <td>-0.205286</td>\n",
       "      <td>1.000000</td>\n",
       "      <td>-0.369729</td>\n",
       "      <td>-0.577213</td>\n",
       "      <td>-0.762104</td>\n",
       "      <td>-0.511128</td>\n",
       "      <td>-0.251865</td>\n",
       "      <td>-0.699266</td>\n",
       "    </tr>\n",
       "    <tr>\n",
       "      <th>words_a2</th>\n",
       "      <td>-0.018430</td>\n",
       "      <td>-0.369729</td>\n",
       "      <td>1.000000</td>\n",
       "      <td>-0.045488</td>\n",
       "      <td>-0.047032</td>\n",
       "      <td>-0.143426</td>\n",
       "      <td>-0.068190</td>\n",
       "      <td>-0.005509</td>\n",
       "    </tr>\n",
       "    <tr>\n",
       "      <th>words_b1</th>\n",
       "      <td>0.082227</td>\n",
       "      <td>-0.577213</td>\n",
       "      <td>-0.045488</td>\n",
       "      <td>1.000000</td>\n",
       "      <td>0.232315</td>\n",
       "      <td>0.156899</td>\n",
       "      <td>0.108819</td>\n",
       "      <td>0.342485</td>\n",
       "    </tr>\n",
       "    <tr>\n",
       "      <th>words_b2</th>\n",
       "      <td>0.260154</td>\n",
       "      <td>-0.762104</td>\n",
       "      <td>-0.047032</td>\n",
       "      <td>0.232315</td>\n",
       "      <td>1.000000</td>\n",
       "      <td>0.378525</td>\n",
       "      <td>0.253723</td>\n",
       "      <td>0.693839</td>\n",
       "    </tr>\n",
       "    <tr>\n",
       "      <th>words_c1</th>\n",
       "      <td>0.096546</td>\n",
       "      <td>-0.511128</td>\n",
       "      <td>-0.143426</td>\n",
       "      <td>0.156899</td>\n",
       "      <td>0.378525</td>\n",
       "      <td>1.000000</td>\n",
       "      <td>0.221890</td>\n",
       "      <td>0.531615</td>\n",
       "    </tr>\n",
       "    <tr>\n",
       "      <th>words_c2</th>\n",
       "      <td>0.112037</td>\n",
       "      <td>-0.251865</td>\n",
       "      <td>-0.068190</td>\n",
       "      <td>0.108819</td>\n",
       "      <td>0.253723</td>\n",
       "      <td>0.221890</td>\n",
       "      <td>1.000000</td>\n",
       "      <td>0.334225</td>\n",
       "    </tr>\n",
       "    <tr>\n",
       "      <th>text_cefr</th>\n",
       "      <td>0.346841</td>\n",
       "      <td>-0.699266</td>\n",
       "      <td>-0.005509</td>\n",
       "      <td>0.342485</td>\n",
       "      <td>0.693839</td>\n",
       "      <td>0.531615</td>\n",
       "      <td>0.334225</td>\n",
       "      <td>1.000000</td>\n",
       "    </tr>\n",
       "  </tbody>\n",
       "</table>\n",
       "</div>"
      ],
      "text/plain": [
       "               uniq  words_a1  words_a2  words_b1  words_b2  words_c1  \\\n",
       "uniq       1.000000 -0.205286 -0.018430  0.082227  0.260154  0.096546   \n",
       "words_a1  -0.205286  1.000000 -0.369729 -0.577213 -0.762104 -0.511128   \n",
       "words_a2  -0.018430 -0.369729  1.000000 -0.045488 -0.047032 -0.143426   \n",
       "words_b1   0.082227 -0.577213 -0.045488  1.000000  0.232315  0.156899   \n",
       "words_b2   0.260154 -0.762104 -0.047032  0.232315  1.000000  0.378525   \n",
       "words_c1   0.096546 -0.511128 -0.143426  0.156899  0.378525  1.000000   \n",
       "words_c2   0.112037 -0.251865 -0.068190  0.108819  0.253723  0.221890   \n",
       "text_cefr  0.346841 -0.699266 -0.005509  0.342485  0.693839  0.531615   \n",
       "\n",
       "           words_c2  text_cefr  \n",
       "uniq       0.112037   0.346841  \n",
       "words_a1  -0.251865  -0.699266  \n",
       "words_a2  -0.068190  -0.005509  \n",
       "words_b1   0.108819   0.342485  \n",
       "words_b2   0.253723   0.693839  \n",
       "words_c1   0.221890   0.531615  \n",
       "words_c2   1.000000   0.334225  \n",
       "text_cefr  0.334225   1.000000  "
      ]
     },
     "execution_count": 7,
     "metadata": {},
     "output_type": "execute_result"
    }
   ],
   "source": [
    "features_cefr_as_num = features.copy()\n",
    "cefr_to_num = {\n",
    "    'A1': 1,\n",
    "    'A2': 2,\n",
    "    'B1': 3,\n",
    "    'B2': 4,\n",
    "    'C1': 5,\n",
    "    'C2': 6\n",
    "}\n",
    "\n",
    "features_cefr_as_num['text_cefr'] = features['text_cefr'].map(cefr_to_num)\n",
    "features_cefr_as_num.corr()"
   ]
  },
  {
   "cell_type": "markdown",
   "metadata": {},
   "source": [
    "CEFR Levels as onehot values"
   ]
  },
  {
   "cell_type": "code",
   "execution_count": 8,
   "metadata": {},
   "outputs": [
    {
     "data": {
      "text/html": [
       "<div>\n",
       "<style scoped>\n",
       "    .dataframe tbody tr th:only-of-type {\n",
       "        vertical-align: middle;\n",
       "    }\n",
       "\n",
       "    .dataframe tbody tr th {\n",
       "        vertical-align: top;\n",
       "    }\n",
       "\n",
       "    .dataframe thead th {\n",
       "        text-align: right;\n",
       "    }\n",
       "</style>\n",
       "<table border=\"1\" class=\"dataframe\">\n",
       "  <thead>\n",
       "    <tr style=\"text-align: right;\">\n",
       "      <th></th>\n",
       "      <th>uniq</th>\n",
       "      <th>words_a1</th>\n",
       "      <th>words_a2</th>\n",
       "      <th>words_b1</th>\n",
       "      <th>words_b2</th>\n",
       "      <th>words_c1</th>\n",
       "      <th>words_c2</th>\n",
       "      <th>text_cefr</th>\n",
       "    </tr>\n",
       "  </thead>\n",
       "  <tbody>\n",
       "    <tr>\n",
       "      <th>uniq</th>\n",
       "      <td>1.000000</td>\n",
       "      <td>-0.205286</td>\n",
       "      <td>-0.018430</td>\n",
       "      <td>0.082227</td>\n",
       "      <td>0.260154</td>\n",
       "      <td>0.096546</td>\n",
       "      <td>0.112037</td>\n",
       "      <td>-0.223974</td>\n",
       "    </tr>\n",
       "    <tr>\n",
       "      <th>words_a1</th>\n",
       "      <td>-0.205286</td>\n",
       "      <td>1.000000</td>\n",
       "      <td>-0.369729</td>\n",
       "      <td>-0.577213</td>\n",
       "      <td>-0.762104</td>\n",
       "      <td>-0.511128</td>\n",
       "      <td>-0.251865</td>\n",
       "      <td>0.484070</td>\n",
       "    </tr>\n",
       "    <tr>\n",
       "      <th>words_a2</th>\n",
       "      <td>-0.018430</td>\n",
       "      <td>-0.369729</td>\n",
       "      <td>1.000000</td>\n",
       "      <td>-0.045488</td>\n",
       "      <td>-0.047032</td>\n",
       "      <td>-0.143426</td>\n",
       "      <td>-0.068190</td>\n",
       "      <td>-0.038494</td>\n",
       "    </tr>\n",
       "    <tr>\n",
       "      <th>words_b1</th>\n",
       "      <td>0.082227</td>\n",
       "      <td>-0.577213</td>\n",
       "      <td>-0.045488</td>\n",
       "      <td>1.000000</td>\n",
       "      <td>0.232315</td>\n",
       "      <td>0.156899</td>\n",
       "      <td>0.108819</td>\n",
       "      <td>-0.301166</td>\n",
       "    </tr>\n",
       "    <tr>\n",
       "      <th>words_b2</th>\n",
       "      <td>0.260154</td>\n",
       "      <td>-0.762104</td>\n",
       "      <td>-0.047032</td>\n",
       "      <td>0.232315</td>\n",
       "      <td>1.000000</td>\n",
       "      <td>0.378525</td>\n",
       "      <td>0.253723</td>\n",
       "      <td>-0.461041</td>\n",
       "    </tr>\n",
       "    <tr>\n",
       "      <th>words_c1</th>\n",
       "      <td>0.096546</td>\n",
       "      <td>-0.511128</td>\n",
       "      <td>-0.143426</td>\n",
       "      <td>0.156899</td>\n",
       "      <td>0.378525</td>\n",
       "      <td>1.000000</td>\n",
       "      <td>0.221890</td>\n",
       "      <td>-0.252806</td>\n",
       "    </tr>\n",
       "    <tr>\n",
       "      <th>words_c2</th>\n",
       "      <td>0.112037</td>\n",
       "      <td>-0.251865</td>\n",
       "      <td>-0.068190</td>\n",
       "      <td>0.108819</td>\n",
       "      <td>0.253723</td>\n",
       "      <td>0.221890</td>\n",
       "      <td>1.000000</td>\n",
       "      <td>-0.168215</td>\n",
       "    </tr>\n",
       "    <tr>\n",
       "      <th>text_cefr</th>\n",
       "      <td>-0.223974</td>\n",
       "      <td>0.484070</td>\n",
       "      <td>-0.038494</td>\n",
       "      <td>-0.301166</td>\n",
       "      <td>-0.461041</td>\n",
       "      <td>-0.252806</td>\n",
       "      <td>-0.168215</td>\n",
       "      <td>1.000000</td>\n",
       "    </tr>\n",
       "  </tbody>\n",
       "</table>\n",
       "</div>"
      ],
      "text/plain": [
       "               uniq  words_a1  words_a2  words_b1  words_b2  words_c1  \\\n",
       "uniq       1.000000 -0.205286 -0.018430  0.082227  0.260154  0.096546   \n",
       "words_a1  -0.205286  1.000000 -0.369729 -0.577213 -0.762104 -0.511128   \n",
       "words_a2  -0.018430 -0.369729  1.000000 -0.045488 -0.047032 -0.143426   \n",
       "words_b1   0.082227 -0.577213 -0.045488  1.000000  0.232315  0.156899   \n",
       "words_b2   0.260154 -0.762104 -0.047032  0.232315  1.000000  0.378525   \n",
       "words_c1   0.096546 -0.511128 -0.143426  0.156899  0.378525  1.000000   \n",
       "words_c2   0.112037 -0.251865 -0.068190  0.108819  0.253723  0.221890   \n",
       "text_cefr -0.223974  0.484070 -0.038494 -0.301166 -0.461041 -0.252806   \n",
       "\n",
       "           words_c2  text_cefr  \n",
       "uniq       0.112037  -0.223974  \n",
       "words_a1  -0.251865   0.484070  \n",
       "words_a2  -0.068190  -0.038494  \n",
       "words_b1   0.108819  -0.301166  \n",
       "words_b2   0.253723  -0.461041  \n",
       "words_c1   0.221890  -0.252806  \n",
       "words_c2   1.000000  -0.168215  \n",
       "text_cefr -0.168215   1.000000  "
      ]
     },
     "execution_count": 8,
     "metadata": {},
     "output_type": "execute_result"
    }
   ],
   "source": [
    "features_cefr_as_num = features.copy()\n",
    "cefr_to_num = {\n",
    "    'A1': 1,\n",
    "    'A2': 0,\n",
    "    'B1': 0,\n",
    "    'B2': 0,\n",
    "    'C1': 0,\n",
    "    'C2': 0\n",
    "}\n",
    "\n",
    "features_cefr_as_num['text_cefr'] = features['text_cefr'].map(cefr_to_num)\n",
    "features_cefr_as_num.corr()"
   ]
  },
  {
   "cell_type": "code",
   "execution_count": 9,
   "metadata": {},
   "outputs": [
    {
     "data": {
      "text/html": [
       "<div>\n",
       "<style scoped>\n",
       "    .dataframe tbody tr th:only-of-type {\n",
       "        vertical-align: middle;\n",
       "    }\n",
       "\n",
       "    .dataframe tbody tr th {\n",
       "        vertical-align: top;\n",
       "    }\n",
       "\n",
       "    .dataframe thead th {\n",
       "        text-align: right;\n",
       "    }\n",
       "</style>\n",
       "<table border=\"1\" class=\"dataframe\">\n",
       "  <thead>\n",
       "    <tr style=\"text-align: right;\">\n",
       "      <th></th>\n",
       "      <th>uniq</th>\n",
       "      <th>words_a1</th>\n",
       "      <th>words_a2</th>\n",
       "      <th>words_b1</th>\n",
       "      <th>words_b2</th>\n",
       "      <th>words_c1</th>\n",
       "      <th>words_c2</th>\n",
       "      <th>text_cefr</th>\n",
       "    </tr>\n",
       "  </thead>\n",
       "  <tbody>\n",
       "    <tr>\n",
       "      <th>uniq</th>\n",
       "      <td>1.000000</td>\n",
       "      <td>-0.205286</td>\n",
       "      <td>-0.018430</td>\n",
       "      <td>0.082227</td>\n",
       "      <td>0.260154</td>\n",
       "      <td>0.096546</td>\n",
       "      <td>0.112037</td>\n",
       "      <td>-0.231990</td>\n",
       "    </tr>\n",
       "    <tr>\n",
       "      <th>words_a1</th>\n",
       "      <td>-0.205286</td>\n",
       "      <td>1.000000</td>\n",
       "      <td>-0.369729</td>\n",
       "      <td>-0.577213</td>\n",
       "      <td>-0.762104</td>\n",
       "      <td>-0.511128</td>\n",
       "      <td>-0.251865</td>\n",
       "      <td>0.268869</td>\n",
       "    </tr>\n",
       "    <tr>\n",
       "      <th>words_a2</th>\n",
       "      <td>-0.018430</td>\n",
       "      <td>-0.369729</td>\n",
       "      <td>1.000000</td>\n",
       "      <td>-0.045488</td>\n",
       "      <td>-0.047032</td>\n",
       "      <td>-0.143426</td>\n",
       "      <td>-0.068190</td>\n",
       "      <td>0.034151</td>\n",
       "    </tr>\n",
       "    <tr>\n",
       "      <th>words_b1</th>\n",
       "      <td>0.082227</td>\n",
       "      <td>-0.577213</td>\n",
       "      <td>-0.045488</td>\n",
       "      <td>1.000000</td>\n",
       "      <td>0.232315</td>\n",
       "      <td>0.156899</td>\n",
       "      <td>0.108819</td>\n",
       "      <td>-0.073834</td>\n",
       "    </tr>\n",
       "    <tr>\n",
       "      <th>words_b2</th>\n",
       "      <td>0.260154</td>\n",
       "      <td>-0.762104</td>\n",
       "      <td>-0.047032</td>\n",
       "      <td>0.232315</td>\n",
       "      <td>1.000000</td>\n",
       "      <td>0.378525</td>\n",
       "      <td>0.253723</td>\n",
       "      <td>-0.307060</td>\n",
       "    </tr>\n",
       "    <tr>\n",
       "      <th>words_c1</th>\n",
       "      <td>0.096546</td>\n",
       "      <td>-0.511128</td>\n",
       "      <td>-0.143426</td>\n",
       "      <td>0.156899</td>\n",
       "      <td>0.378525</td>\n",
       "      <td>1.000000</td>\n",
       "      <td>0.221890</td>\n",
       "      <td>-0.256640</td>\n",
       "    </tr>\n",
       "    <tr>\n",
       "      <th>words_c2</th>\n",
       "      <td>0.112037</td>\n",
       "      <td>-0.251865</td>\n",
       "      <td>-0.068190</td>\n",
       "      <td>0.108819</td>\n",
       "      <td>0.253723</td>\n",
       "      <td>0.221890</td>\n",
       "      <td>1.000000</td>\n",
       "      <td>-0.154955</td>\n",
       "    </tr>\n",
       "    <tr>\n",
       "      <th>text_cefr</th>\n",
       "      <td>-0.231990</td>\n",
       "      <td>0.268869</td>\n",
       "      <td>0.034151</td>\n",
       "      <td>-0.073834</td>\n",
       "      <td>-0.307060</td>\n",
       "      <td>-0.256640</td>\n",
       "      <td>-0.154955</td>\n",
       "      <td>1.000000</td>\n",
       "    </tr>\n",
       "  </tbody>\n",
       "</table>\n",
       "</div>"
      ],
      "text/plain": [
       "               uniq  words_a1  words_a2  words_b1  words_b2  words_c1  \\\n",
       "uniq       1.000000 -0.205286 -0.018430  0.082227  0.260154  0.096546   \n",
       "words_a1  -0.205286  1.000000 -0.369729 -0.577213 -0.762104 -0.511128   \n",
       "words_a2  -0.018430 -0.369729  1.000000 -0.045488 -0.047032 -0.143426   \n",
       "words_b1   0.082227 -0.577213 -0.045488  1.000000  0.232315  0.156899   \n",
       "words_b2   0.260154 -0.762104 -0.047032  0.232315  1.000000  0.378525   \n",
       "words_c1   0.096546 -0.511128 -0.143426  0.156899  0.378525  1.000000   \n",
       "words_c2   0.112037 -0.251865 -0.068190  0.108819  0.253723  0.221890   \n",
       "text_cefr -0.231990  0.268869  0.034151 -0.073834 -0.307060 -0.256640   \n",
       "\n",
       "           words_c2  text_cefr  \n",
       "uniq       0.112037  -0.231990  \n",
       "words_a1  -0.251865   0.268869  \n",
       "words_a2  -0.068190   0.034151  \n",
       "words_b1   0.108819  -0.073834  \n",
       "words_b2   0.253723  -0.307060  \n",
       "words_c1   0.221890  -0.256640  \n",
       "words_c2   1.000000  -0.154955  \n",
       "text_cefr -0.154955   1.000000  "
      ]
     },
     "execution_count": 9,
     "metadata": {},
     "output_type": "execute_result"
    }
   ],
   "source": [
    "features_cefr_as_num = features.copy()\n",
    "cefr_to_num = {\n",
    "    'A1': 0,\n",
    "    'A2': 1,\n",
    "    'B1': 0,\n",
    "    'B2': 0,\n",
    "    'C1': 0,\n",
    "    'C2': 0\n",
    "}\n",
    "\n",
    "features_cefr_as_num['text_cefr'] = features['text_cefr'].map(cefr_to_num)\n",
    "features_cefr_as_num.corr()"
   ]
  },
  {
   "cell_type": "code",
   "execution_count": 10,
   "metadata": {},
   "outputs": [
    {
     "data": {
      "text/html": [
       "<div>\n",
       "<style scoped>\n",
       "    .dataframe tbody tr th:only-of-type {\n",
       "        vertical-align: middle;\n",
       "    }\n",
       "\n",
       "    .dataframe tbody tr th {\n",
       "        vertical-align: top;\n",
       "    }\n",
       "\n",
       "    .dataframe thead th {\n",
       "        text-align: right;\n",
       "    }\n",
       "</style>\n",
       "<table border=\"1\" class=\"dataframe\">\n",
       "  <thead>\n",
       "    <tr style=\"text-align: right;\">\n",
       "      <th></th>\n",
       "      <th>uniq</th>\n",
       "      <th>words_a1</th>\n",
       "      <th>words_a2</th>\n",
       "      <th>words_b1</th>\n",
       "      <th>words_b2</th>\n",
       "      <th>words_c1</th>\n",
       "      <th>words_c2</th>\n",
       "      <th>text_cefr</th>\n",
       "    </tr>\n",
       "  </thead>\n",
       "  <tbody>\n",
       "    <tr>\n",
       "      <th>uniq</th>\n",
       "      <td>1.000000</td>\n",
       "      <td>-0.205286</td>\n",
       "      <td>-0.018430</td>\n",
       "      <td>0.082227</td>\n",
       "      <td>0.260154</td>\n",
       "      <td>0.096546</td>\n",
       "      <td>0.112037</td>\n",
       "      <td>0.008868</td>\n",
       "    </tr>\n",
       "    <tr>\n",
       "      <th>words_a1</th>\n",
       "      <td>-0.205286</td>\n",
       "      <td>1.000000</td>\n",
       "      <td>-0.369729</td>\n",
       "      <td>-0.577213</td>\n",
       "      <td>-0.762104</td>\n",
       "      <td>-0.511128</td>\n",
       "      <td>-0.251865</td>\n",
       "      <td>0.035059</td>\n",
       "    </tr>\n",
       "    <tr>\n",
       "      <th>words_a2</th>\n",
       "      <td>-0.018430</td>\n",
       "      <td>-0.369729</td>\n",
       "      <td>1.000000</td>\n",
       "      <td>-0.045488</td>\n",
       "      <td>-0.047032</td>\n",
       "      <td>-0.143426</td>\n",
       "      <td>-0.068190</td>\n",
       "      <td>0.011315</td>\n",
       "    </tr>\n",
       "    <tr>\n",
       "      <th>words_b1</th>\n",
       "      <td>0.082227</td>\n",
       "      <td>-0.577213</td>\n",
       "      <td>-0.045488</td>\n",
       "      <td>1.000000</td>\n",
       "      <td>0.232315</td>\n",
       "      <td>0.156899</td>\n",
       "      <td>0.108819</td>\n",
       "      <td>0.015137</td>\n",
       "    </tr>\n",
       "    <tr>\n",
       "      <th>words_b2</th>\n",
       "      <td>0.260154</td>\n",
       "      <td>-0.762104</td>\n",
       "      <td>-0.047032</td>\n",
       "      <td>0.232315</td>\n",
       "      <td>1.000000</td>\n",
       "      <td>0.378525</td>\n",
       "      <td>0.253723</td>\n",
       "      <td>-0.014605</td>\n",
       "    </tr>\n",
       "    <tr>\n",
       "      <th>words_c1</th>\n",
       "      <td>0.096546</td>\n",
       "      <td>-0.511128</td>\n",
       "      <td>-0.143426</td>\n",
       "      <td>0.156899</td>\n",
       "      <td>0.378525</td>\n",
       "      <td>1.000000</td>\n",
       "      <td>0.221890</td>\n",
       "      <td>-0.126277</td>\n",
       "    </tr>\n",
       "    <tr>\n",
       "      <th>words_c2</th>\n",
       "      <td>0.112037</td>\n",
       "      <td>-0.251865</td>\n",
       "      <td>-0.068190</td>\n",
       "      <td>0.108819</td>\n",
       "      <td>0.253723</td>\n",
       "      <td>0.221890</td>\n",
       "      <td>1.000000</td>\n",
       "      <td>-0.058849</td>\n",
       "    </tr>\n",
       "    <tr>\n",
       "      <th>text_cefr</th>\n",
       "      <td>0.008868</td>\n",
       "      <td>0.035059</td>\n",
       "      <td>0.011315</td>\n",
       "      <td>0.015137</td>\n",
       "      <td>-0.014605</td>\n",
       "      <td>-0.126277</td>\n",
       "      <td>-0.058849</td>\n",
       "      <td>1.000000</td>\n",
       "    </tr>\n",
       "  </tbody>\n",
       "</table>\n",
       "</div>"
      ],
      "text/plain": [
       "               uniq  words_a1  words_a2  words_b1  words_b2  words_c1  \\\n",
       "uniq       1.000000 -0.205286 -0.018430  0.082227  0.260154  0.096546   \n",
       "words_a1  -0.205286  1.000000 -0.369729 -0.577213 -0.762104 -0.511128   \n",
       "words_a2  -0.018430 -0.369729  1.000000 -0.045488 -0.047032 -0.143426   \n",
       "words_b1   0.082227 -0.577213 -0.045488  1.000000  0.232315  0.156899   \n",
       "words_b2   0.260154 -0.762104 -0.047032  0.232315  1.000000  0.378525   \n",
       "words_c1   0.096546 -0.511128 -0.143426  0.156899  0.378525  1.000000   \n",
       "words_c2   0.112037 -0.251865 -0.068190  0.108819  0.253723  0.221890   \n",
       "text_cefr  0.008868  0.035059  0.011315  0.015137 -0.014605 -0.126277   \n",
       "\n",
       "           words_c2  text_cefr  \n",
       "uniq       0.112037   0.008868  \n",
       "words_a1  -0.251865   0.035059  \n",
       "words_a2  -0.068190   0.011315  \n",
       "words_b1   0.108819   0.015137  \n",
       "words_b2   0.253723  -0.014605  \n",
       "words_c1   0.221890  -0.126277  \n",
       "words_c2   1.000000  -0.058849  \n",
       "text_cefr -0.058849   1.000000  "
      ]
     },
     "execution_count": 10,
     "metadata": {},
     "output_type": "execute_result"
    }
   ],
   "source": [
    "features_cefr_as_num = features.copy()\n",
    "cefr_to_num = {\n",
    "    'A1': 0,\n",
    "    'A2': 0,\n",
    "    'B1': 1,\n",
    "    'B2': 0,\n",
    "    'C1': 0,\n",
    "    'C2': 0\n",
    "}\n",
    "\n",
    "features_cefr_as_num['text_cefr'] = features['text_cefr'].map(cefr_to_num)\n",
    "features_cefr_as_num.corr()"
   ]
  },
  {
   "cell_type": "code",
   "execution_count": 11,
   "metadata": {},
   "outputs": [
    {
     "data": {
      "text/html": [
       "<div>\n",
       "<style scoped>\n",
       "    .dataframe tbody tr th:only-of-type {\n",
       "        vertical-align: middle;\n",
       "    }\n",
       "\n",
       "    .dataframe tbody tr th {\n",
       "        vertical-align: top;\n",
       "    }\n",
       "\n",
       "    .dataframe thead th {\n",
       "        text-align: right;\n",
       "    }\n",
       "</style>\n",
       "<table border=\"1\" class=\"dataframe\">\n",
       "  <thead>\n",
       "    <tr style=\"text-align: right;\">\n",
       "      <th></th>\n",
       "      <th>uniq</th>\n",
       "      <th>words_a1</th>\n",
       "      <th>words_a2</th>\n",
       "      <th>words_b1</th>\n",
       "      <th>words_b2</th>\n",
       "      <th>words_c1</th>\n",
       "      <th>words_c2</th>\n",
       "      <th>text_cefr</th>\n",
       "    </tr>\n",
       "  </thead>\n",
       "  <tbody>\n",
       "    <tr>\n",
       "      <th>uniq</th>\n",
       "      <td>1.000000</td>\n",
       "      <td>-0.205286</td>\n",
       "      <td>-0.018430</td>\n",
       "      <td>0.082227</td>\n",
       "      <td>0.260154</td>\n",
       "      <td>0.096546</td>\n",
       "      <td>0.112037</td>\n",
       "      <td>0.183207</td>\n",
       "    </tr>\n",
       "    <tr>\n",
       "      <th>words_a1</th>\n",
       "      <td>-0.205286</td>\n",
       "      <td>1.000000</td>\n",
       "      <td>-0.369729</td>\n",
       "      <td>-0.577213</td>\n",
       "      <td>-0.762104</td>\n",
       "      <td>-0.511128</td>\n",
       "      <td>-0.251865</td>\n",
       "      <td>-0.137783</td>\n",
       "    </tr>\n",
       "    <tr>\n",
       "      <th>words_a2</th>\n",
       "      <td>-0.018430</td>\n",
       "      <td>-0.369729</td>\n",
       "      <td>1.000000</td>\n",
       "      <td>-0.045488</td>\n",
       "      <td>-0.047032</td>\n",
       "      <td>-0.143426</td>\n",
       "      <td>-0.068190</td>\n",
       "      <td>0.004358</td>\n",
       "    </tr>\n",
       "    <tr>\n",
       "      <th>words_b1</th>\n",
       "      <td>0.082227</td>\n",
       "      <td>-0.577213</td>\n",
       "      <td>-0.045488</td>\n",
       "      <td>1.000000</td>\n",
       "      <td>0.232315</td>\n",
       "      <td>0.156899</td>\n",
       "      <td>0.108819</td>\n",
       "      <td>0.077763</td>\n",
       "    </tr>\n",
       "    <tr>\n",
       "      <th>words_b2</th>\n",
       "      <td>0.260154</td>\n",
       "      <td>-0.762104</td>\n",
       "      <td>-0.047032</td>\n",
       "      <td>0.232315</td>\n",
       "      <td>1.000000</td>\n",
       "      <td>0.378525</td>\n",
       "      <td>0.253723</td>\n",
       "      <td>0.149536</td>\n",
       "    </tr>\n",
       "    <tr>\n",
       "      <th>words_c1</th>\n",
       "      <td>0.096546</td>\n",
       "      <td>-0.511128</td>\n",
       "      <td>-0.143426</td>\n",
       "      <td>0.156899</td>\n",
       "      <td>0.378525</td>\n",
       "      <td>1.000000</td>\n",
       "      <td>0.221890</td>\n",
       "      <td>0.061007</td>\n",
       "    </tr>\n",
       "    <tr>\n",
       "      <th>words_c2</th>\n",
       "      <td>0.112037</td>\n",
       "      <td>-0.251865</td>\n",
       "      <td>-0.068190</td>\n",
       "      <td>0.108819</td>\n",
       "      <td>0.253723</td>\n",
       "      <td>0.221890</td>\n",
       "      <td>1.000000</td>\n",
       "      <td>0.016247</td>\n",
       "    </tr>\n",
       "    <tr>\n",
       "      <th>text_cefr</th>\n",
       "      <td>0.183207</td>\n",
       "      <td>-0.137783</td>\n",
